opencv 4.xx

// 버스 아래쪽 좌표
{
	"stop_rois": [
	[[512, 549], [215, 661], [158, 605], [506, 496]],
    [[529, 509], [707, 443], [744, 463], [584, 526]],
    [[727, 440], [770, 454], [897, 409], [857, 396]],
    [[881, 381], [924, 395], [1027, 362], [992, 347]]
    ]
}
// 버스 전체
{
    "stop_rois": [
        [[154,635],[152,536],[473,449],[499,560]],
        [[534,434],[536,520],[740,469],[735,398]],
        [[728,386],[737,449],[880,411],[875,359]],
        [[894,346],[890,388],[1014,365],[1014,319]]
    ]
}
// 버스 뚜껑
{
    "stop_rois": [
        [[156,545],[212,550],[507,465],[454,453]],
        [[520,445],[587,456],[736,401],[696,388]],
        [[734,383],[780,392],[880,367],[843,356]],
        [[880,350],[918,358],[1009,329],[972,317]]
    ]
}